service_id,date,exception_type
1,20220502,1
1,20220503,1
1,20220504,1
1,20220505,1
1,20220506,1
1,20220509,1
1,20220510,1
1,20220511,1
1,20220512,1
1,20220513,1
1,20220516,1
1,20220517,1
1,20220518,1
1,20220519,1
1,20220520,1
1,20220523,1
1,20220524,1
1,20220525,1
1,20220526,1
1,20220527,1
1,20220530,1
1,20220531,1
1,20220601,1
1,20220602,1
1,20220603,1
1,20220606,1
1,20220607,1
1,20220608,1
1,20220609,1
1,20220610,1
1,20220613,1
1,20220614,1
1,20220615,1
1,20220616,1
1,20220617,1
1,20220620,1
1,20220621,1
1,20220622,1
1,20220623,1
1,20220624,1
1,20220627,1
1,20220628,1
1,20220629,1
1,20220630,1
1,20220701,1
1,20220704,1
1,20220705,1
1,20220706,1
1,20220707,1
1,20220708,1
1,20220711,1
1,20220712,1
1,20220713,1
1,20220714,1
1,20220715,1
1,20220718,1
1,20220719,1
1,20220720,1
1,20220721,1
1,20220722,1
1,20220725,1
1,20220726,1
1,20220727,1
1,20220728,1
1,20220729,1
1,20220801,1
1,20220802,1
1,20220803,1
1,20220804,1
1,20220805,1
1,20220808,1
1,20220809,1
1,20220810,1
1,20220811,1
1,20220812,1
1,20220815,1
1,20220816,1
1,20220817,1
1,20220818,1
1,20220819,1
1,20220822,1
1,20220823,1
1,20220824,1
1,20220825,1
1,20220826,1
1,20220829,1
1,20220830,1
1,20220831,1
1,20220901,1
1,20220902,1
1,20220905,1
1,20220906,1
1,20220907,1
1,20220908,1
1,20220909,1
1,20220912,1
1,20220913,1
1,20220914,1
1,20220915,1
1,20220916,1
1,20220919,1
2,20220508,1
2,20220515,1
2,20220522,1
2,20220529,1
2,20220605,1
2,20220612,1
2,20220619,1
2,20220626,1
2,20220703,1
2,20220710,1
2,20220717,1
2,20220724,1
2,20220731,1
2,20220807,1
2,20220814,1
2,20220821,1
2,20220828,1
2,20220904,1
2,20220911,1
2,20220918,1
3,20220507,1
3,20220514,1
3,20220521,1
3,20220528,1
3,20220604,1
3,20220611,1
3,20220618,1
3,20220625,1
3,20220702,1
3,20220709,1
3,20220716,1
3,20220723,1
3,20220730,1
3,20220806,1
3,20220813,1
3,20220820,1
3,20220827,1
3,20220903,1
3,20220910,1
3,20220917,1
4,20220502,1
4,20220503,1
4,20220504,1
4,20220505,1
4,20220506,1
4,20220509,1
4,20220510,1
4,20220511,1
4,20220512,1
4,20220513,1
4,20220516,1
4,20220517,1
4,20220518,1
4,20220519,1
4,20220520,1
4,20220523,1
4,20220524,1
4,20220525,1
4,20220526,1
4,20220527,1
4,20220530,1
4,20220531,1
4,20220601,1
4,20220602,1
4,20220603,1
4,20220606,1
4,20220607,1
4,20220608,1
4,20220609,1
4,20220610,1
4,20220624,1
4,20220815,1
4,20220816,1
4,20220817,1
4,20220818,1
4,20220819,1
4,20220822,1
4,20220823,1
4,20220824,1
4,20220825,1
4,20220826,1
4,20220829,1
4,20220830,1
4,20220831,1
4,20220901,1
4,20220902,1
4,20220905,1
4,20220906,1
4,20220907,1
4,20220908,1
4,20220909,1
4,20220912,1
4,20220913,1
4,20220914,1
4,20220915,1
4,20220916,1
4,20220919,1
5,20220526,1
5,20220527,1
5,20220530,1
5,20220606,1
5,20220613,1
5,20220614,1
5,20220615,1
5,20220616,1
5,20220617,1
5,20220620,1
5,20220621,1
5,20220622,1
5,20220623,1
5,20220624,1
5,20220627,1
5,20220628,1
5,20220629,1
5,20220630,1
5,20220701,1
5,20220704,1
5,20220705,1
5,20220706,1
5,20220707,1
5,20220708,1
5,20220711,1
5,20220712,1
5,20220713,1
5,20220714,1
5,20220715,1
5,20220718,1
5,20220719,1
5,20220720,1
5,20220721,1
5,20220722,1
5,20220725,1
5,20220726,1
5,20220727,1
5,20220728,1
5,20220729,1
5,20220801,1
5,20220802,1
5,20220803,1
5,20220804,1
5,20220805,1
5,20220808,1
5,20220809,1
5,20220810,1
5,20220811,1
5,20220812,1
5,20220815,1
5,20220816,1
5,20220919,1
6,20220502,1
6,20220503,1
6,20220504,1
6,20220505,1
6,20220506,1
6,20220509,1
6,20220510,1
6,20220511,1
6,20220512,1
6,20220513,1
6,20220516,1
6,20220517,1
6,20220518,1
6,20220519,1
6,20220520,1
6,20220523,1
6,20220524,1
6,20220525,1
6,20220526,1
6,20220531,1
6,20220601,1
6,20220602,1
6,20220603,1
6,20220606,1
6,20220607,1
6,20220608,1
6,20220609,1
6,20220610,1
6,20220624,1
6,20220817,1
6,20220818,1
6,20220819,1
6,20220822,1
6,20220823,1
6,20220824,1
6,20220825,1
6,20220826,1
6,20220829,1
6,20220830,1
6,20220831,1
6,20220901,1
6,20220902,1
6,20220905,1
6,20220906,1
6,20220907,1
6,20220908,1
6,20220909,1
6,20220912,1
6,20220913,1
6,20220914,1
6,20220915,1
6,20220916,1
6,20220919,1
7,20220506,1
7,20220513,1
7,20220520,1
7,20220527,1
7,20220603,1
7,20220610,1
7,20220617,1
7,20220624,1
7,20220701,1
7,20220708,1
7,20220715,1
7,20220722,1
7,20220729,1
7,20220805,1
7,20220812,1
7,20220819,1
7,20220826,1
7,20220902,1
7,20220909,1
7,20220916,1
8,20220502,1
8,20220503,1
8,20220504,1
8,20220505,1
8,20220506,1
8,20220509,1
8,20220510,1
8,20220511,1
8,20220512,1
8,20220513,1
8,20220516,1
8,20220517,1
8,20220518,1
8,20220519,1
8,20220520,1
8,20220523,1
8,20220524,1
8,20220525,1
8,20220526,1
8,20220531,1
8,20220601,1
8,20220602,1
8,20220603,1
8,20220606,1
8,20220607,1
8,20220608,1
8,20220609,1
8,20220610,1
8,20220613,1
8,20220614,1
8,20220615,1
8,20220616,1
8,20220617,1
8,20220620,1
8,20220621,1
8,20220622,1
8,20220623,1
8,20220624,1
8,20220627,1
8,20220628,1
8,20220629,1
8,20220630,1
8,20220701,1
8,20220704,1
8,20220705,1
8,20220706,1
8,20220707,1
8,20220708,1
8,20220711,1
8,20220712,1
8,20220713,1
8,20220714,1
8,20220715,1
8,20220718,1
8,20220719,1
8,20220720,1
8,20220721,1
8,20220722,1
8,20220725,1
8,20220726,1
8,20220727,1
8,20220728,1
8,20220729,1
8,20220801,1
8,20220802,1
8,20220803,1
8,20220804,1
8,20220805,1
8,20220808,1
8,20220809,1
8,20220810,1
8,20220811,1
8,20220812,1
8,20220815,1
8,20220816,1
8,20220817,1
8,20220818,1
8,20220819,1
8,20220822,1
8,20220823,1
8,20220824,1
8,20220825,1
8,20220826,1
8,20220829,1
8,20220830,1
8,20220831,1
8,20220901,1
8,20220902,1
8,20220905,1
8,20220906,1
8,20220907,1
8,20220908,1
8,20220909,1
8,20220912,1
8,20220913,1
8,20220914,1
8,20220915,1
8,20220916,1
8,20220919,1
9,20220502,1
9,20220503,1
9,20220504,1
9,20220505,1
9,20220506,1
9,20220509,1
9,20220510,1
9,20220511,1
9,20220512,1
9,20220513,1
9,20220516,1
9,20220517,1
9,20220518,1
9,20220519,1
9,20220520,1
9,20220523,1
9,20220524,1
9,20220525,1
9,20220526,1
9,20220530,1
9,20220531,1
9,20220601,1
9,20220602,1
9,20220603,1
9,20220606,1
9,20220607,1
9,20220608,1
9,20220609,1
9,20220610,1
9,20220613,1
9,20220614,1
9,20220615,1
9,20220616,1
9,20220617,1
9,20220620,1
9,20220621,1
9,20220622,1
9,20220623,1
9,20220624,1
9,20220627,1
9,20220628,1
9,20220629,1
9,20220630,1
9,20220701,1
9,20220704,1
9,20220705,1
9,20220706,1
9,20220707,1
9,20220708,1
9,20220711,1
9,20220712,1
9,20220713,1
9,20220714,1
9,20220715,1
9,20220718,1
9,20220719,1
9,20220720,1
9,20220721,1
9,20220722,1
9,20220725,1
9,20220726,1
9,20220727,1
9,20220728,1
9,20220729,1
9,20220801,1
9,20220802,1
9,20220803,1
9,20220804,1
9,20220805,1
9,20220808,1
9,20220809,1
9,20220810,1
9,20220811,1
9,20220812,1
9,20220815,1
9,20220816,1
9,20220817,1
9,20220818,1
9,20220819,1
9,20220822,1
9,20220823,1
9,20220824,1
9,20220825,1
9,20220826,1
9,20220829,1
9,20220830,1
9,20220831,1
9,20220901,1
9,20220902,1
9,20220905,1
9,20220906,1
9,20220907,1
9,20220908,1
9,20220909,1
9,20220912,1
9,20220913,1
9,20220914,1
9,20220915,1
9,20220916,1
9,20220919,1
10,20220502,1
10,20220503,1
10,20220504,1
10,20220505,1
10,20220506,1
10,20220507,1
10,20220508,1
10,20220509,1
10,20220510,1
10,20220511,1
10,20220512,1
10,20220513,1
10,20220514,1
10,20220515,1
10,20220516,1
10,20220517,1
10,20220518,1
10,20220519,1
10,20220520,1
10,20220521,1
10,20220522,1
10,20220523,1
10,20220524,1
10,20220525,1
10,20220526,1
10,20220527,1
10,20220528,1
10,20220529,1
10,20220530,1
10,20220531,1
10,20220601,1
10,20220602,1
10,20220603,1
10,20220604,1
10,20220605,1
10,20220606,1
10,20220607,1
10,20220608,1
10,20220609,1
10,20220610,1
10,20220611,1
10,20220612,1
10,20220613,1
10,20220614,1
10,20220615,1
10,20220616,1
10,20220617,1
10,20220618,1
10,20220619,1
10,20220620,1
10,20220621,1
10,20220622,1
10,20220623,1
10,20220624,1
10,20220625,1
10,20220626,1
10,20220627,1
10,20220628,1
10,20220629,1
10,20220630,1
10,20220701,1
10,20220702,1
10,20220703,1
10,20220704,1
10,20220705,1
10,20220706,1
10,20220707,1
10,20220708,1
10,20220709,1
10,20220710,1
10,20220711,1
10,20220712,1
10,20220713,1
10,20220714,1
10,20220715,1
10,20220716,1
10,20220717,1
10,20220718,1
10,20220719,1
10,20220720,1
10,20220721,1
10,20220722,1
10,20220723,1
10,20220724,1
10,20220725,1
10,20220726,1
10,20220727,1
10,20220728,1
10,20220729,1
10,20220730,1
10,20220731,1
10,20220801,1
10,20220802,1
10,20220803,1
10,20220804,1
10,20220805,1
10,20220806,1
10,20220807,1
10,20220808,1
10,20220809,1
10,20220810,1
10,20220811,1
10,20220812,1
10,20220813,1
10,20220814,1
10,20220815,1
10,20220816,1
10,20220817,1
10,20220818,1
10,20220819,1
10,20220820,1
10,20220821,1
10,20220822,1
10,20220823,1
10,20220824,1
10,20220825,1
10,20220826,1
10,20220827,1
10,20220828,1
10,20220829,1
10,20220830,1
10,20220831,1
10,20220901,1
10,20220902,1
10,20220903,1
10,20220904,1
10,20220905,1
10,20220906,1
10,20220907,1
10,20220908,1
10,20220909,1
10,20220910,1
10,20220911,1
10,20220912,1
10,20220913,1
10,20220914,1
10,20220915,1
10,20220916,1
10,20220917,1
10,20220918,1
10,20220919,1
11,20220502,1
11,20220503,1
11,20220504,1
11,20220505,1
11,20220509,1
11,20220510,1
11,20220511,1
11,20220512,1
11,20220516,1
11,20220517,1
11,20220518,1
11,20220519,1
11,20220523,1
11,20220524,1
11,20220525,1
11,20220526,1
11,20220530,1
11,20220531,1
11,20220601,1
11,20220602,1
11,20220606,1
11,20220607,1
11,20220608,1
11,20220609,1
11,20220613,1
11,20220614,1
11,20220615,1
11,20220616,1
11,20220620,1
11,20220621,1
11,20220622,1
11,20220623,1
11,20220627,1
11,20220628,1
11,20220629,1
11,20220630,1
11,20220704,1
11,20220705,1
11,20220706,1
11,20220707,1
11,20220711,1
11,20220712,1
11,20220713,1
11,20220714,1
11,20220718,1
11,20220719,1
11,20220720,1
11,20220721,1
11,20220725,1
11,20220726,1
11,20220727,1
11,20220728,1
11,20220801,1
11,20220802,1
11,20220803,1
11,20220804,1
11,20220808,1
11,20220809,1
11,20220810,1
11,20220811,1
11,20220815,1
11,20220816,1
11,20220817,1
11,20220818,1
11,20220822,1
11,20220823,1
11,20220824,1
11,20220825,1
11,20220829,1
11,20220830,1
11,20220831,1
11,20220901,1
11,20220905,1
11,20220906,1
11,20220907,1
11,20220908,1
11,20220912,1
11,20220913,1
11,20220914,1
11,20220915,1
11,20220919,1
12,20220507,1
12,20220508,1
12,20220514,1
12,20220515,1
12,20220521,1
12,20220522,1
12,20220528,1
12,20220529,1
12,20220604,1
12,20220605,1
12,20220611,1
12,20220612,1
12,20220702,1
12,20220703,1
12,20220709,1
12,20220710,1
12,20220716,1
12,20220717,1
12,20220723,1
12,20220724,1
12,20220730,1
12,20220731,1
12,20220806,1
12,20220807,1
12,20220813,1
12,20220814,1
12,20220820,1
12,20220821,1
12,20220827,1
12,20220828,1
12,20220903,1
12,20220904,1
12,20220910,1
12,20220911,1
12,20220917,1
12,20220918,1
13,20220507,1
13,20220508,1
13,20220514,1
13,20220515,1
13,20220521,1
13,20220522,1
13,20220528,1
13,20220529,1
13,20220604,1
13,20220605,1
13,20220611,1
13,20220612,1
13,20220618,1
13,20220619,1
13,20220625,1
13,20220626,1
13,20220702,1
13,20220703,1
13,20220709,1
13,20220710,1
13,20220716,1
13,20220717,1
13,20220723,1
13,20220724,1
13,20220730,1
13,20220731,1
13,20220806,1
13,20220807,1
13,20220813,1
13,20220814,1
13,20220820,1
13,20220821,1
13,20220827,1
13,20220828,1
13,20220903,1
13,20220904,1
13,20220910,1
13,20220911,1
13,20220917,1
13,20220918,1
14,20220502,1
14,20220503,1
14,20220504,1
14,20220505,1
14,20220506,1
14,20220509,1
14,20220510,1
14,20220511,1
14,20220512,1
14,20220513,1
14,20220516,1
14,20220517,1
14,20220518,1
14,20220519,1
14,20220520,1
14,20220523,1
14,20220524,1
14,20220525,1
14,20220526,1
14,20220527,1
14,20220530,1
14,20220531,1
14,20220601,1
14,20220602,1
14,20220603,1
14,20220606,1
14,20220607,1
14,20220608,1
14,20220609,1
14,20220610,1
14,20220624,1
14,20220701,1
14,20220704,1
14,20220705,1
14,20220706,1
14,20220707,1
14,20220708,1
14,20220711,1
14,20220712,1
14,20220713,1
14,20220714,1
14,20220715,1
14,20220718,1
14,20220719,1
14,20220720,1
14,20220721,1
14,20220722,1
14,20220725,1
14,20220726,1
14,20220727,1
14,20220728,1
14,20220729,1
14,20220801,1
14,20220802,1
14,20220803,1
14,20220804,1
14,20220805,1
14,20220808,1
14,20220809,1
14,20220810,1
14,20220811,1
14,20220812,1
14,20220815,1
14,20220816,1
14,20220817,1
14,20220818,1
14,20220819,1
14,20220822,1
14,20220823,1
14,20220824,1
14,20220825,1
14,20220826,1
14,20220829,1
14,20220830,1
14,20220831,1
14,20220901,1
14,20220902,1
14,20220905,1
14,20220906,1
14,20220907,1
14,20220908,1
14,20220909,1
14,20220912,1
14,20220913,1
14,20220914,1
14,20220915,1
14,20220916,1
14,20220919,1
15,20220502,1
15,20220503,1
15,20220504,1
15,20220505,1
15,20220506,1
15,20220509,1
15,20220510,1
15,20220511,1
15,20220512,1
15,20220513,1
15,20220516,1
15,20220517,1
15,20220518,1
15,20220519,1
15,20220520,1
15,20220523,1
15,20220524,1
15,20220525,1
15,20220526,1
15,20220530,1
15,20220531,1
15,20220601,1
15,20220602,1
15,20220603,1
15,20220606,1
15,20220607,1
15,20220608,1
15,20220609,1
15,20220610,1
15,20220613,1
15,20220614,1
15,20220615,1
15,20220620,1
15,20220621,1
15,20220622,1
15,20220623,1
15,20220624,1
15,20220627,1
15,20220628,1
15,20220629,1
15,20220630,1
15,20220701,1
15,20220704,1
15,20220705,1
15,20220706,1
15,20220707,1
15,20220708,1
15,20220711,1
15,20220712,1
15,20220713,1
15,20220714,1
15,20220715,1
15,20220718,1
15,20220719,1
15,20220720,1
15,20220721,1
15,20220722,1
15,20220725,1
15,20220726,1
15,20220727,1
15,20220728,1
15,20220729,1
15,20220801,1
15,20220802,1
15,20220803,1
15,20220804,1
15,20220805,1
15,20220808,1
15,20220809,1
15,20220810,1
15,20220811,1
15,20220812,1
15,20220815,1
15,20220816,1
15,20220817,1
15,20220818,1
15,20220819,1
15,20220822,1
15,20220823,1
15,20220824,1
15,20220825,1
15,20220826,1
15,20220829,1
15,20220830,1
15,20220831,1
15,20220901,1
15,20220902,1
15,20220905,1
15,20220906,1
15,20220907,1
15,20220908,1
15,20220909,1
15,20220912,1
15,20220913,1
15,20220914,1
15,20220915,1
15,20220916,1
15,20220919,1
16,20220503,1
16,20220505,1
16,20220510,1
16,20220512,1
16,20220517,1
16,20220519,1
16,20220524,1
16,20220526,1
16,20220531,1
16,20220602,1
16,20220607,1
16,20220609,1
16,20220614,1
16,20220621,1
16,20220623,1
16,20220628,1
16,20220630,1
16,20220705,1
16,20220707,1
16,20220712,1
16,20220714,1
16,20220719,1
16,20220721,1
16,20220726,1
16,20220728,1
16,20220802,1
16,20220804,1
16,20220809,1
16,20220811,1
16,20220816,1
16,20220818,1
16,20220823,1
16,20220825,1
16,20220830,1
16,20220901,1
16,20220906,1
16,20220908,1
16,20220913,1
16,20220915,1
17,20220502,1
17,20220504,1
17,20220506,1
17,20220509,1
17,20220511,1
17,20220513,1
17,20220516,1
17,20220518,1
17,20220520,1
17,20220523,1
17,20220525,1
17,20220530,1
17,20220601,1
17,20220603,1
17,20220606,1
17,20220608,1
17,20220610,1
17,20220613,1
17,20220615,1
17,20220620,1
17,20220622,1
17,20220624,1
17,20220627,1
17,20220629,1
17,20220701,1
17,20220704,1
17,20220706,1
17,20220708,1
17,20220711,1
17,20220713,1
17,20220715,1
17,20220718,1
17,20220720,1
17,20220722,1
17,20220725,1
17,20220727,1
17,20220729,1
17,20220801,1
17,20220803,1
17,20220805,1
17,20220808,1
17,20220810,1
17,20220812,1
17,20220815,1
17,20220817,1
17,20220819,1
17,20220822,1
17,20220824,1
17,20220826,1
17,20220829,1
17,20220831,1
17,20220902,1
17,20220905,1
17,20220907,1
17,20220909,1
17,20220912,1
17,20220914,1
17,20220916,1
17,20220919,1
18,20220526,1
18,20220616,1
18,20220621,1
18,20220623,1
18,20220628,1
18,20220630,1
18,20220705,1
18,20220707,1
18,20220712,1
18,20220714,1
18,20220719,1
18,20220721,1
18,20220726,1
18,20220728,1
18,20220802,1
18,20220804,1
18,20220809,1
18,20220811,1
18,20220816,1
18,20220818,1
18,20220823,1
18,20220825,1
18,20220830,1
18,20220901,1
18,20220906,1
18,20220908,1
18,20220913,1
18,20220915,1
19,20220527,1
19,20220606,1
19,20220617,1
19,20220620,1
19,20220622,1
19,20220624,1
19,20220627,1
19,20220629,1
19,20220701,1
19,20220704,1
19,20220706,1
19,20220708,1
19,20220711,1
19,20220713,1
19,20220715,1
19,20220718,1
19,20220720,1
19,20220722,1
19,20220725,1
19,20220727,1
19,20220729,1
19,20220801,1
19,20220803,1
19,20220805,1
19,20220808,1
19,20220810,1
19,20220812,1
19,20220815,1
19,20220817,1
19,20220819,1
19,20220822,1
19,20220824,1
19,20220826,1
19,20220829,1
19,20220831,1
19,20220902,1
19,20220905,1
19,20220907,1
19,20220909,1
19,20220912,1
19,20220914,1
19,20220916,1
19,20220919,1
20,20220503,1
20,20220506,1
20,20220510,1
20,20220513,1
20,20220517,1
20,20220520,1
20,20220524,1
20,20220531,1
20,20220603,1
20,20220607,1
20,20220610,1
20,20220614,1
20,20220617,1
20,20220621,1
20,20220624,1
20,20220628,1
20,20220701,1
20,20220705,1
20,20220708,1
20,20220712,1
20,20220715,1
20,20220719,1
20,20220722,1
20,20220726,1
20,20220729,1
20,20220802,1
20,20220805,1
20,20220809,1
20,20220812,1
20,20220816,1
20,20220819,1
20,20220823,1
20,20220826,1
20,20220830,1
20,20220902,1
20,20220906,1
20,20220909,1
20,20220913,1
20,20220916,1
21,20220502,1
21,20220504,1
21,20220505,1
21,20220509,1
21,20220511,1
21,20220512,1
21,20220516,1
21,20220518,1
21,20220519,1
21,20220523,1
21,20220525,1
21,20220526,1
21,20220601,1
21,20220602,1
21,20220606,1
21,20220608,1
21,20220609,1
21,20220613,1
21,20220615,1
21,20220616,1
21,20220620,1
21,20220622,1
21,20220623,1
21,20220627,1
21,20220629,1
21,20220630,1
21,20220704,1
21,20220706,1
21,20220707,1
21,20220711,1
21,20220713,1
21,20220714,1
21,20220718,1
21,20220720,1
21,20220721,1
21,20220725,1
21,20220727,1
21,20220728,1
21,20220801,1
21,20220803,1
21,20220804,1
21,20220808,1
21,20220810,1
21,20220811,1
21,20220815,1
21,20220817,1
21,20220818,1
21,20220822,1
21,20220824,1
21,20220825,1
21,20220829,1
21,20220831,1
21,20220901,1
21,20220905,1
21,20220907,1
21,20220908,1
21,20220912,1
21,20220914,1
21,20220915,1
21,20220919,1
22,20220526,1
22,20220614,1
22,20220616,1
22,20220621,1
22,20220623,1
22,20220628,1
22,20220630,1
22,20220705,1
22,20220707,1
22,20220712,1
22,20220714,1
22,20220719,1
22,20220721,1
22,20220726,1
22,20220728,1
22,20220802,1
22,20220804,1
22,20220809,1
22,20220811,1
22,20220816,1
22,20220818,1
22,20220823,1
22,20220825,1
22,20220830,1
22,20220901,1
22,20220906,1
22,20220908,1
22,20220913,1
22,20220915,1
23,20220504,1
23,20220511,1
23,20220518,1
23,20220525,1
23,20220601,1
23,20220608,1
23,20220615,1
23,20220622,1
23,20220629,1
23,20220706,1
23,20220713,1
23,20220720,1
23,20220727,1
23,20220803,1
23,20220810,1
23,20220817,1
23,20220824,1
23,20220831,1
23,20220907,1
23,20220914,1
24,20220502,1
24,20220503,1
24,20220505,1
24,20220506,1
24,20220509,1
24,20220510,1
24,20220512,1
24,20220513,1
24,20220516,1
24,20220517,1
24,20220519,1
24,20220520,1
24,20220523,1
24,20220524,1
24,20220526,1
24,20220531,1
24,20220602,1
24,20220603,1
24,20220606,1
24,20220607,1
24,20220609,1
24,20220610,1
24,20220613,1
24,20220614,1
24,20220616,1
24,20220617,1
24,20220620,1
24,20220621,1
24,20220623,1
24,20220624,1
24,20220627,1
24,20220628,1
24,20220630,1
24,20220701,1
24,20220704,1
24,20220705,1
24,20220707,1
24,20220708,1
24,20220711,1
24,20220712,1
24,20220714,1
24,20220715,1
24,20220718,1
24,20220719,1
24,20220721,1
24,20220722,1
24,20220725,1
24,20220726,1
24,20220728,1
24,20220729,1
24,20220801,1
24,20220802,1
24,20220804,1
24,20220805,1
24,20220808,1
24,20220809,1
24,20220811,1
24,20220812,1
24,20220815,1
24,20220816,1
24,20220818,1
24,20220819,1
24,20220822,1
24,20220823,1
24,20220825,1
24,20220826,1
24,20220829,1
24,20220830,1
24,20220901,1
24,20220902,1
24,20220905,1
24,20220906,1
24,20220908,1
24,20220909,1
24,20220912,1
24,20220913,1
24,20220915,1
24,20220916,1
24,20220919,1
25,20220503,1
25,20220505,1
25,20220510,1
25,20220512,1
25,20220517,1
25,20220519,1
25,20220524,1
25,20220526,1
25,20220531,1
25,20220602,1
25,20220607,1
25,20220609,1
25,20220614,1
25,20220616,1
25,20220621,1
25,20220623,1
25,20220628,1
25,20220630,1
25,20220705,1
25,20220707,1
25,20220712,1
25,20220714,1
25,20220719,1
25,20220721,1
25,20220726,1
25,20220728,1
25,20220802,1
25,20220804,1
25,20220809,1
25,20220811,1
25,20220816,1
25,20220818,1
25,20220823,1
25,20220825,1
25,20220830,1
25,20220901,1
25,20220906,1
25,20220908,1
25,20220913,1
25,20220915,1
26,20220502,1
26,20220504,1
26,20220506,1
26,20220509,1
26,20220511,1
26,20220513,1
26,20220516,1
26,20220518,1
26,20220520,1
26,20220523,1
26,20220525,1
26,20220601,1
26,20220603,1
26,20220606,1
26,20220608,1
26,20220610,1
26,20220613,1
26,20220615,1
26,20220617,1
26,20220620,1
26,20220622,1
26,20220624,1
26,20220627,1
26,20220629,1
26,20220701,1
26,20220704,1
26,20220706,1
26,20220708,1
26,20220711,1
26,20220713,1
26,20220715,1
26,20220718,1
26,20220720,1
26,20220722,1
26,20220725,1
26,20220727,1
26,20220729,1
26,20220801,1
26,20220803,1
26,20220805,1
26,20220808,1
26,20220810,1
26,20220812,1
26,20220815,1
26,20220817,1
26,20220819,1
26,20220822,1
26,20220824,1
26,20220826,1
26,20220829,1
26,20220831,1
26,20220902,1
26,20220905,1
26,20220907,1
26,20220909,1
26,20220912,1
26,20220914,1
26,20220916,1
26,20220919,1
27,20220502,1
27,20220503,1
27,20220505,1
27,20220509,1
27,20220510,1
27,20220512,1
27,20220516,1
27,20220517,1
27,20220519,1
27,20220523,1
27,20220524,1
27,20220526,1
27,20220531,1
27,20220602,1
27,20220606,1
27,20220607,1
27,20220609,1
27,20220613,1
27,20220614,1
27,20220616,1
27,20220620,1
27,20220621,1
27,20220623,1
27,20220627,1
27,20220628,1
27,20220630,1
27,20220704,1
27,20220705,1
27,20220707,1
27,20220711,1
27,20220712,1
27,20220714,1
27,20220718,1
27,20220719,1
27,20220721,1
27,20220725,1
27,20220726,1
27,20220728,1
27,20220801,1
27,20220802,1
27,20220804,1
27,20220808,1
27,20220809,1
27,20220811,1
27,20220815,1
27,20220816,1
27,20220818,1
27,20220822,1
27,20220823,1
27,20220825,1
27,20220829,1
27,20220830,1
27,20220901,1
27,20220905,1
27,20220906,1
27,20220908,1
27,20220912,1
27,20220913,1
27,20220915,1
27,20220919,1
28,20220506,1
28,20220513,1
28,20220520,1
28,20220603,1
28,20220610,1
28,20220617,1
28,20220624,1
28,20220701,1
28,20220708,1
28,20220715,1
28,20220722,1
28,20220729,1
28,20220805,1
28,20220812,1
28,20220819,1
28,20220826,1
28,20220902,1
28,20220909,1
28,20220916,1
29,20220502,1
29,20220503,1
29,20220504,1
29,20220505,1
29,20220509,1
29,20220510,1
29,20220511,1
29,20220512,1
29,20220516,1
29,20220517,1
29,20220518,1
29,20220519,1
29,20220523,1
29,20220524,1
29,20220525,1
29,20220526,1
29,20220531,1
29,20220601,1
29,20220602,1
29,20220606,1
29,20220607,1
29,20220608,1
29,20220609,1
29,20220613,1
29,20220614,1
29,20220615,1
29,20220616,1
29,20220620,1
29,20220621,1
29,20220622,1
29,20220623,1
29,20220627,1
29,20220628,1
29,20220629,1
29,20220630,1
29,20220704,1
29,20220705,1
29,20220706,1
29,20220707,1
29,20220711,1
29,20220712,1
29,20220713,1
29,20220714,1
29,20220718,1
29,20220719,1
29,20220720,1
29,20220721,1
29,20220725,1
29,20220726,1
29,20220727,1
29,20220728,1
29,20220801,1
29,20220802,1
29,20220803,1
29,20220804,1
29,20220808,1
29,20220809,1
29,20220810,1
29,20220811,1
29,20220815,1
29,20220816,1
29,20220817,1
29,20220818,1
29,20220822,1
29,20220823,1
29,20220824,1
29,20220825,1
29,20220829,1
29,20220830,1
29,20220831,1
29,20220901,1
29,20220905,1
29,20220906,1
29,20220907,1
29,20220908,1
29,20220912,1
29,20220913,1
29,20220914,1
29,20220915,1
29,20220919,1
30,20220502,1
30,20220509,1
30,20220516,1
30,20220523,1
30,20220606,1
30,20220613,1
30,20220620,1
30,20220627,1
30,20220704,1
30,20220711,1
30,20220718,1
30,20220725,1
30,20220801,1
30,20220808,1
30,20220815,1
30,20220822,1
30,20220829,1
30,20220905,1
30,20220912,1
30,20220919,1
31,20220526,1
31,20220527,1
31,20220530,1
31,20220606,1
31,20220613,1
31,20220614,1
31,20220615,1
31,20220616,1
31,20220617,1
31,20220620,1
31,20220621,1
31,20220622,1
31,20220623,1
31,20220624,1
31,20220627,1
31,20220628,1
31,20220629,1
31,20220630,1
31,20220701,1
31,20220704,1
31,20220705,1
31,20220706,1
31,20220707,1
31,20220708,1
31,20220711,1
31,20220712,1
31,20220713,1
31,20220714,1
31,20220715,1
31,20220718,1
31,20220719,1
31,20220720,1
31,20220721,1
31,20220722,1
31,20220725,1
31,20220726,1
31,20220727,1
31,20220728,1
31,20220729,1
31,20220801,1
31,20220802,1
31,20220803,1
31,20220804,1
31,20220805,1
31,20220808,1
31,20220809,1
31,20220810,1
31,20220811,1
31,20220812,1
31,20220815,1
31,20220816,1
31,20220817,1
31,20220818,1
31,20220819,1
31,20220822,1
31,20220823,1
31,20220824,1
31,20220825,1
31,20220826,1
31,20220829,1
31,20220830,1
31,20220831,1
31,20220901,1
31,20220902,1
31,20220905,1
31,20220906,1
31,20220907,1
31,20220908,1
31,20220909,1
31,20220912,1
31,20220913,1
31,20220914,1
31,20220915,1
31,20220916,1
31,20220919,1
32,20220502,1
32,20220503,1
32,20220504,1
32,20220505,1
32,20220506,1
32,20220509,1
32,20220510,1
32,20220511,1
32,20220512,1
32,20220513,1
32,20220516,1
32,20220517,1
32,20220518,1
32,20220519,1
32,20220520,1
32,20220523,1
32,20220524,1
32,20220525,1
32,20220526,1
32,20220530,1
32,20220531,1
32,20220601,1
32,20220602,1
32,20220603,1
32,20220606,1
32,20220607,1
32,20220608,1
32,20220609,1
32,20220610,1
32,20220613,1
32,20220614,1
32,20220620,1
32,20220621,1
32,20220622,1
32,20220623,1
32,20220624,1
32,20220627,1
32,20220628,1
32,20220629,1
32,20220630,1
32,20220701,1
32,20220704,1
32,20220705,1
32,20220706,1
32,20220707,1
32,20220708,1
32,20220711,1
32,20220712,1
32,20220713,1
32,20220714,1
32,20220715,1
32,20220718,1
32,20220719,1
32,20220720,1
32,20220721,1
32,20220722,1
32,20220725,1
32,20220726,1
32,20220727,1
32,20220728,1
32,20220729,1
32,20220801,1
32,20220802,1
32,20220803,1
32,20220804,1
32,20220805,1
32,20220808,1
32,20220809,1
32,20220810,1
32,20220811,1
32,20220812,1
32,20220815,1
32,20220816,1
32,20220817,1
32,20220818,1
32,20220819,1
32,20220822,1
32,20220823,1
32,20220824,1
32,20220825,1
32,20220826,1
32,20220829,1
32,20220830,1
32,20220831,1
32,20220901,1
32,20220902,1
32,20220905,1
32,20220906,1
32,20220907,1
32,20220908,1
32,20220909,1
32,20220912,1
32,20220913,1
32,20220914,1
32,20220915,1
32,20220916,1
32,20220919,1
33,20220527,1
33,20220530,1
33,20220606,1
33,20220613,1
33,20220615,1
33,20220617,1
33,20220620,1
33,20220622,1
33,20220624,1
33,20220627,1
33,20220629,1
33,20220701,1
33,20220704,1
33,20220706,1
33,20220708,1
33,20220711,1
33,20220713,1
33,20220715,1
33,20220718,1
33,20220720,1
33,20220722,1
33,20220725,1
33,20220727,1
33,20220729,1
33,20220801,1
33,20220803,1
33,20220805,1
33,20220808,1
33,20220810,1
33,20220812,1
33,20220815,1
33,20220817,1
33,20220819,1
33,20220822,1
33,20220824,1
33,20220826,1
33,20220829,1
33,20220831,1
33,20220902,1
33,20220905,1
33,20220907,1
33,20220909,1
33,20220912,1
33,20220914,1
33,20220916,1
33,20220919,1
34,20220622,1
34,20220629,1
34,20220706,1
34,20220713,1
34,20220720,1
34,20220727,1
34,20220803,1
34,20220810,1
34,20220817,1
34,20220824,1
34,20220831,1
34,20220907,1
34,20220914,1
35,20220503,1
35,20220510,1
35,20220517,1
35,20220524,1
35,20220531,1
35,20220607,1
35,20220614,1
35,20220621,1
35,20220628,1
35,20220705,1
35,20220712,1
35,20220719,1
35,20220726,1
35,20220802,1
35,20220809,1
35,20220816,1
35,20220823,1
35,20220830,1
35,20220906,1
35,20220913,1
36,20220502,1
36,20220504,1
36,20220505,1
36,20220509,1
36,20220511,1
36,20220512,1
36,20220516,1
36,20220518,1
36,20220519,1
36,20220523,1
36,20220525,1
36,20220526,1
36,20220530,1
36,20220601,1
36,20220602,1
36,20220606,1
36,20220608,1
36,20220609,1
36,20220613,1
36,20220615,1
36,20220616,1
36,20220620,1
36,20220622,1
36,20220623,1
36,20220627,1
36,20220629,1
36,20220630,1
36,20220704,1
36,20220706,1
36,20220707,1
36,20220711,1
36,20220713,1
36,20220714,1
36,20220718,1
36,20220720,1
36,20220721,1
36,20220725,1
36,20220727,1
36,20220728,1
36,20220801,1
36,20220803,1
36,20220804,1
36,20220808,1
36,20220810,1
36,20220811,1
36,20220815,1
36,20220817,1
36,20220818,1
36,20220822,1
36,20220824,1
36,20220825,1
36,20220829,1
36,20220831,1
36,20220901,1
36,20220905,1
36,20220907,1
36,20220908,1
36,20220912,1
36,20220914,1
36,20220915,1
36,20220919,1
37,20220626,1
37,20220703,1
37,20220710,1
37,20220717,1
37,20220724,1
37,20220731,1
37,20220807,1
37,20220814,1
37,20220821,1
37,20220828,1
37,20220904,1
37,20220911,1
37,20220918,1
38,20220625,1
38,20220702,1
38,20220709,1
38,20220716,1
38,20220723,1
38,20220730,1
38,20220806,1
38,20220813,1
38,20220820,1
38,20220827,1
38,20220903,1
38,20220910,1
38,20220917,1
39,20220506,1
39,20220513,1
39,20220520,1
39,20220603,1
39,20220610,1
39,20220624,1
39,20220701,1
39,20220708,1
39,20220715,1
39,20220722,1
39,20220729,1
39,20220805,1
39,20220812,1
39,20220819,1
39,20220826,1
39,20220902,1
39,20220909,1
39,20220916,1
40,20220502,1
40,20220504,1
40,20220505,1
40,20220509,1
40,20220511,1
40,20220512,1
40,20220516,1
40,20220518,1
40,20220519,1
40,20220523,1
40,20220525,1
40,20220526,1
40,20220530,1
40,20220601,1
40,20220602,1
40,20220606,1
40,20220608,1
40,20220609,1
40,20220613,1
40,20220620,1
40,20220622,1
40,20220623,1
40,20220627,1
40,20220629,1
40,20220630,1
40,20220704,1
40,20220706,1
40,20220707,1
40,20220711,1
40,20220713,1
40,20220714,1
40,20220718,1
40,20220720,1
40,20220721,1
40,20220725,1
40,20220727,1
40,20220728,1
40,20220801,1
40,20220803,1
40,20220804,1
40,20220808,1
40,20220810,1
40,20220811,1
40,20220815,1
40,20220817,1
40,20220818,1
40,20220822,1
40,20220824,1
40,20220825,1
40,20220829,1
40,20220831,1
40,20220901,1
40,20220905,1
40,20220907,1
40,20220908,1
40,20220912,1
40,20220914,1
40,20220915,1
40,20220919,1
41,20220502,1
41,20220503,1
41,20220504,1
41,20220505,1
41,20220509,1
41,20220510,1
41,20220511,1
41,20220512,1
41,20220516,1
41,20220517,1
41,20220518,1
41,20220519,1
41,20220523,1
41,20220524,1
41,20220525,1
41,20220526,1
41,20220530,1
41,20220531,1
41,20220601,1
41,20220602,1
41,20220606,1
41,20220607,1
41,20220608,1
41,20220609,1
41,20220613,1
41,20220614,1
41,20220620,1
41,20220621,1
41,20220622,1
41,20220623,1
41,20220627,1
41,20220628,1
41,20220629,1
41,20220630,1
41,20220704,1
41,20220705,1
41,20220706,1
41,20220707,1
41,20220711,1
41,20220712,1
41,20220713,1
41,20220714,1
41,20220718,1
41,20220719,1
41,20220720,1
41,20220721,1
41,20220725,1
41,20220726,1
41,20220727,1
41,20220728,1
41,20220801,1
41,20220802,1
41,20220803,1
41,20220804,1
41,20220808,1
41,20220809,1
41,20220810,1
41,20220811,1
41,20220815,1
41,20220816,1
41,20220817,1
41,20220818,1
41,20220822,1
41,20220823,1
41,20220824,1
41,20220825,1
41,20220829,1
41,20220830,1
41,20220831,1
41,20220901,1
41,20220905,1
41,20220906,1
41,20220907,1
41,20220908,1
41,20220912,1
41,20220913,1
41,20220914,1
41,20220915,1
41,20220919,1
42,20220505,1
42,20220512,1
42,20220519,1
42,20220526,1
42,20220602,1
42,20220609,1
42,20220616,1
42,20220623,1
42,20220630,1
42,20220707,1
42,20220714,1
42,20220721,1
42,20220728,1
42,20220804,1
42,20220811,1
42,20220818,1
42,20220825,1
42,20220901,1
42,20220908,1
42,20220915,1
43,20220502,1
43,20220509,1
43,20220516,1
43,20220523,1
43,20220530,1
43,20220606,1
43,20220613,1
43,20220620,1
43,20220627,1
43,20220704,1
43,20220711,1
43,20220718,1
43,20220725,1
43,20220801,1
43,20220808,1
43,20220815,1
43,20220822,1
43,20220829,1
43,20220905,1
43,20220912,1
43,20220919,1
44,20220502,1
44,20220506,1
44,20220509,1
44,20220513,1
44,20220516,1
44,20220520,1
44,20220523,1
44,20220527,1
44,20220530,1
44,20220603,1
44,20220606,1
44,20220610,1
44,20220613,1
44,20220617,1
44,20220620,1
44,20220624,1
44,20220627,1
44,20220701,1
44,20220704,1
44,20220708,1
44,20220711,1
44,20220715,1
44,20220718,1
44,20220722,1
44,20220725,1
44,20220729,1
44,20220801,1
44,20220805,1
44,20220808,1
44,20220812,1
44,20220815,1
44,20220819,1
44,20220822,1
44,20220826,1
44,20220829,1
44,20220902,1
44,20220905,1
44,20220909,1
44,20220912,1
44,20220916,1
44,20220919,1
45,20220502,1
45,20220504,1
45,20220506,1
45,20220509,1
45,20220511,1
45,20220513,1
45,20220516,1
45,20220518,1
45,20220520,1
45,20220523,1
45,20220525,1
45,20220527,1
45,20220530,1
45,20220601,1
45,20220603,1
45,20220606,1
45,20220608,1
45,20220610,1
45,20220613,1
45,20220615,1
45,20220617,1
45,20220620,1
45,20220622,1
45,20220624,1
45,20220627,1
45,20220629,1
45,20220701,1
45,20220704,1
45,20220706,1
45,20220708,1
45,20220711,1
45,20220713,1
45,20220715,1
45,20220718,1
45,20220720,1
45,20220722,1
45,20220725,1
45,20220727,1
45,20220729,1
45,20220801,1
45,20220803,1
45,20220805,1
45,20220808,1
45,20220810,1
45,20220812,1
45,20220815,1
45,20220817,1
45,20220819,1
45,20220822,1
45,20220824,1
45,20220826,1
45,20220829,1
45,20220831,1
45,20220902,1
45,20220905,1
45,20220907,1
45,20220909,1
45,20220912,1
45,20220914,1
45,20220916,1
45,20220919,1
46,20220504,1
46,20220506,1
46,20220511,1
46,20220513,1
46,20220518,1
46,20220520,1
46,20220525,1
46,20220527,1
46,20220601,1
46,20220603,1
46,20220608,1
46,20220610,1
46,20220615,1
46,20220617,1
46,20220622,1
46,20220624,1
46,20220629,1
46,20220701,1
46,20220706,1
46,20220708,1
46,20220713,1
46,20220715,1
46,20220720,1
46,20220722,1
46,20220727,1
46,20220729,1
46,20220803,1
46,20220805,1
46,20220810,1
46,20220812,1
46,20220817,1
46,20220819,1
46,20220824,1
46,20220826,1
46,20220831,1
46,20220902,1
46,20220907,1
46,20220909,1
46,20220914,1
46,20220916,1
47,20220503,1
47,20220506,1
47,20220510,1
47,20220513,1
47,20220517,1
47,20220520,1
47,20220524,1
47,20220527,1
47,20220531,1
47,20220603,1
47,20220607,1
47,20220610,1
47,20220614,1
47,20220617,1
47,20220621,1
47,20220624,1
47,20220628,1
47,20220701,1
47,20220705,1
47,20220708,1
47,20220712,1
47,20220715,1
47,20220719,1
47,20220722,1
47,20220726,1
47,20220729,1
47,20220802,1
47,20220805,1
47,20220809,1
47,20220812,1
47,20220816,1
47,20220819,1
47,20220823,1
47,20220826,1
47,20220830,1
47,20220902,1
47,20220906,1
47,20220909,1
47,20220913,1
47,20220916,1
48,20220502,1
48,20220505,1
48,20220509,1
48,20220512,1
48,20220516,1
48,20220519,1
48,20220523,1
48,20220526,1
48,20220530,1
48,20220602,1
48,20220606,1
48,20220609,1
48,20220613,1
48,20220616,1
48,20220620,1
48,20220623,1
48,20220627,1
48,20220630,1
48,20220704,1
48,20220707,1
48,20220711,1
48,20220714,1
48,20220718,1
48,20220721,1
48,20220725,1
48,20220728,1
48,20220801,1
48,20220804,1
48,20220808,1
48,20220811,1
48,20220815,1
48,20220818,1
48,20220822,1
48,20220825,1
48,20220829,1
48,20220901,1
48,20220905,1
48,20220908,1
48,20220912,1
48,20220915,1
48,20220919,1
