service_id,monday,tuesday,wednesday,thursday,friday,saturday,sunday,start_date,end_date
1,0,0,0,0,0,0,0,20230403,20230616
2,0,0,0,0,0,0,0,20230407,20230611
3,0,0,0,0,0,0,0,20230408,20230617
4,0,0,0,0,0,0,0,20230407,20230617
5,0,0,0,0,0,0,0,20230406,20230616
6,0,0,0,0,0,0,0,20230407,20230430
7,0,0,0,0,0,0,0,20230403,20230617
8,0,0,0,0,0,0,0,20230404,20230616
9,0,0,0,0,0,0,0,20230403,20230403
10,0,0,0,0,0,0,0,20230404,20230617
11,0,0,0,0,0,0,0,20230403,20230617
12,0,0,0,0,0,0,0,20230430,20230521
13,0,0,0,0,0,0,0,20230424,20230605
14,0,0,0,0,0,0,0,20230411,20230616
15,0,0,0,0,0,0,0,20230403,20230605
16,0,0,0,0,0,0,0,20230403,20230616
17,0,0,0,0,0,0,0,20230405,20230417
18,0,0,0,0,0,0,0,20230408,20230415
19,0,0,0,0,0,0,0,20230407,20230416
20,0,0,0,0,0,0,0,20230403,20230616
21,0,0,0,0,0,0,0,20230418,20230616
22,0,0,0,0,0,0,0,20230430,20230430
23,0,0,0,0,0,0,0,20230407,20230416
24,0,0,0,0,0,0,0,20230407,20230409
25,0,0,0,0,0,0,0,20230405,20230417
26,0,0,0,0,0,0,0,20230421,20230616
27,0,0,0,0,0,0,0,20230422,20230617
28,0,0,0,0,0,0,0,20230422,20230617
29,0,0,0,0,0,0,0,20230423,20230611
30,0,0,0,0,0,0,0,20230403,20230617
31,0,0,0,0,0,0,0,20230411,20230417
32,0,0,0,0,0,0,0,20230406,20230414
33,0,0,0,0,0,0,0,20230501,20230617
34,0,0,0,0,0,0,0,20230506,20230617
35,0,0,0,0,0,0,0,20230501,20230611
36,0,0,0,0,0,0,0,20230403,20230615
37,0,0,0,0,0,0,0,20230612,20230616
38,0,0,0,0,0,0,0,20230611,20230617
39,0,0,0,0,0,0,0,20230403,20230609
40,0,0,0,0,0,0,0,20230407,20230610
41,0,0,0,0,0,0,0,20230411,20230609
42,0,0,0,0,0,0,0,20230611,20230617
43,0,0,0,0,0,0,0,20230617,20230617
44,0,0,0,0,0,0,0,20230611,20230611
45,0,0,0,0,0,0,0,20230616,20230616
46,0,0,0,0,0,0,0,20230403,20230610
47,0,0,0,0,0,0,0,20230408,20230610
48,0,0,0,0,0,0,0,20230407,20230606
49,0,0,0,0,0,0,0,20230406,20230609
50,0,0,0,0,0,0,0,20230411,20230617
51,0,0,0,0,0,0,0,20230415,20230617
52,0,0,0,0,0,0,0,20230411,20230616
53,0,0,0,0,0,0,0,20230414,20230616
54,0,0,0,0,0,0,0,20230403,20230410
55,0,0,0,0,0,0,0,20230407,20230410
56,0,0,0,0,0,0,0,20230408,20230408
57,0,0,0,0,0,0,0,20230403,20230406
58,0,0,0,0,0,0,0,20230407,20230410
59,0,0,0,0,0,0,0,20230406,20230406
60,0,0,0,0,0,0,0,20230416,20230611
61,0,0,0,0,0,0,0,20230415,20230617
62,0,0,0,0,0,0,0,20230501,20230617
63,0,0,0,0,0,0,0,20230502,20230616
64,0,0,0,0,0,0,0,20230403,20230616
65,0,0,0,0,0,0,0,20230410,20230611
66,0,0,0,0,0,0,0,20230403,20230615
67,0,0,0,0,0,0,0,20230405,20230616
68,0,0,0,0,0,0,0,20230404,20230616
69,0,0,0,0,0,0,0,20230403,20230605
70,0,0,0,0,0,0,0,20230404,20230615
71,0,0,0,0,0,0,0,20230403,20230615
72,0,0,0,0,0,0,0,20230405,20230614
73,0,0,0,0,0,0,0,20230403,20230616
74,0,0,0,0,0,0,0,20230409,20230409
75,0,0,0,0,0,0,0,20230403,20230616
76,0,0,0,0,0,0,0,20230411,20230605
77,0,0,0,0,0,0,0,20230403,20230615
78,0,0,0,0,0,0,0,20230421,20230616
79,0,0,0,0,0,0,0,20230403,20230428
80,0,0,0,0,0,0,0,20230403,20230430
81,0,0,0,0,0,0,0,20230403,20230430
82,0,0,0,0,0,0,0,20230408,20230429
83,0,0,0,0,0,0,0,20230407,20230430
84,0,0,0,0,0,0,0,20230411,20230616
85,0,0,0,0,0,0,0,20230403,20231212
86,0,0,0,0,0,0,0,20230406,20231212
87,0,0,0,0,0,0,0,20230403,20231212
88,0,0,0,0,0,0,0,20230518,20231210
89,0,0,0,0,0,0,0,20230505,20231212
90,0,0,0,0,0,0,0,20230506,20231210
91,0,0,0,0,0,0,0,20230403,20231212
92,0,0,0,0,0,0,0,20230505,20231212
93,0,0,0,0,0,0,0,20230505,20231212
94,0,0,0,0,0,0,0,20230403,20231212
95,0,0,0,0,0,0,0,20230403,20231212
96,0,0,0,0,0,0,0,20230403,20231212
97,0,0,0,0,0,0,0,20230403,20231212
98,0,0,0,0,0,0,0,20230403,20231212
99,0,0,0,0,0,0,0,20230415,20230418
100,0,0,0,0,0,0,0,20230410,20230521
101,0,0,0,0,0,0,0,20230403,20230525
102,0,0,0,0,0,0,0,20230403,20230525
103,0,0,0,0,0,0,0,20230403,20230525
104,0,0,0,0,0,0,0,20230410,20230521
105,0,0,0,0,0,0,0,20230410,20230410
106,0,0,0,0,0,0,0,20230428,20230429
107,0,0,0,0,0,0,0,20230422,20230422
108,0,0,0,0,0,0,0,20230416,20230422
109,0,0,0,0,0,0,0,20230417,20230417
110,0,0,0,0,0,0,0,20230417,20230420
111,0,0,0,0,0,0,0,20230416,20230421
112,0,0,0,0,0,0,0,20230418,20230421
113,0,0,0,0,0,0,0,20230405,20230406
114,0,0,0,0,0,0,0,20230407,20230408
115,0,0,0,0,0,0,0,20230415,20230415
116,0,0,0,0,0,0,0,20230415,20230423
117,0,0,0,0,0,0,0,20230414,20230414
118,0,0,0,0,0,0,0,20230407,20230409
119,0,0,0,0,0,0,0,20230423,20230423
120,0,0,0,0,0,0,0,20230422,20230514
121,0,0,0,0,0,0,0,20230423,20230514
122,0,0,0,0,0,0,0,20230418,20230418
123,0,0,0,0,0,0,0,20230419,20230419
124,0,0,0,0,0,0,0,20230420,20230420
125,0,0,0,0,0,0,0,20230419,20230421
126,0,0,0,0,0,0,0,20230430,20230504
127,0,0,0,0,0,0,0,20230409,20230410
128,0,0,0,0,0,0,0,20230513,20230514
129,0,0,0,0,0,0,0,20230422,20230514
130,0,0,0,0,0,0,0,20230422,20230513
131,0,0,0,0,0,0,0,20230416,20230416
132,0,0,0,0,0,0,0,20230417,20230421
133,0,0,0,0,0,0,0,20230423,20230514
134,0,0,0,0,0,0,0,20230429,20230429
135,0,0,0,0,0,0,0,20230514,20230514
136,0,0,0,0,0,0,0,20230403,20230405
137,0,0,0,0,0,0,0,20230411,20230414
138,0,0,0,0,0,0,0,20230411,20230413
139,0,0,0,0,0,0,0,20230416,20230421
140,0,0,0,0,0,0,0,20230424,20230427
141,0,0,0,0,0,0,0,20230504,20230504
142,0,0,0,0,0,0,0,20230508,20230511
143,0,0,0,0,0,0,0,20230507,20230511
144,0,0,0,0,0,0,0,20230507,20230512
145,0,0,0,0,0,0,0,20230507,20230507
146,0,0,0,0,0,0,0,20230521,20230525
147,0,0,0,0,0,0,0,20230403,20231212
148,0,0,0,0,0,0,0,20230403,20231212
149,0,0,0,0,0,0,0,20230403,20231212
150,0,0,0,0,0,0,0,20230403,20231212
151,0,0,0,0,0,0,0,20230410,20231210
152,0,0,0,0,0,0,0,20230403,20231212
153,0,0,0,0,0,0,0,20230403,20231212
154,0,0,0,0,0,0,0,20230406,20231212
155,0,0,0,0,0,0,0,20230415,20231210
156,0,0,0,0,0,0,0,20230411,20231212
157,0,0,0,0,0,0,0,20230410,20231212
158,0,0,0,0,0,0,0,20230403,20231212
159,0,0,0,0,0,0,0,20230403,20231212
160,0,0,0,0,0,0,0,20230406,20231212
161,0,0,0,0,0,0,0,20230417,20230420
162,0,0,0,0,0,0,0,20230407,20230407
163,0,0,0,0,0,0,0,20230423,20230512
164,0,0,0,0,0,0,0,20230422,20230423
165,0,0,0,0,0,0,0,20230416,20230512
166,0,0,0,0,0,0,0,20230416,20230512
167,0,0,0,0,0,0,0,20230507,20230512
168,0,0,0,0,0,0,0,20230403,20231212
169,0,0,0,0,0,0,0,20230415,20231209
170,0,0,0,0,0,0,0,20230403,20231212
171,0,0,0,0,0,0,0,20230410,20231210
172,0,0,0,0,0,0,0,20230403,20231212
173,0,0,0,0,0,0,0,20230410,20231210
174,0,0,0,0,0,0,0,20230403,20231212
175,0,0,0,0,0,0,0,20230403,20231212
176,0,0,0,0,0,0,0,20230415,20231209
177,0,0,0,0,0,0,0,20230403,20231212
178,0,0,0,0,0,0,0,20230403,20231212
179,0,0,0,0,0,0,0,20230410,20231210
180,0,0,0,0,0,0,0,20230528,20230528
181,0,0,0,0,0,0,0,20230527,20230527
182,0,0,0,0,0,0,0,20230527,20230528
183,0,0,0,0,0,0,0,20230522,20230525
184,0,0,0,0,0,0,0,20230507,20230521
185,0,0,0,0,0,0,0,20230408,20230409
186,0,0,0,0,0,0,0,20230410,20230414
187,0,0,0,0,0,0,0,20230417,20230421
188,0,0,0,0,0,0,0,20230416,20230526
189,0,0,0,0,0,0,0,20230502,20230504
190,0,0,0,0,0,0,0,20230408,20230429
191,0,0,0,0,0,0,0,20230430,20230501
192,0,0,0,0,0,0,0,20230513,20230513
193,0,0,0,0,0,0,0,20230529,20230529
194,0,0,0,0,0,0,0,20230526,20230526
195,0,0,0,0,0,0,0,20230403,20231212
196,0,0,0,0,0,0,0,20230415,20231209
197,0,0,0,0,0,0,0,20230403,20231212
198,0,0,0,0,0,0,0,20231210,20231212
199,0,0,0,0,0,0,0,20230403,20231212
200,0,0,0,0,0,0,0,20230518,20231210
201,0,0,0,0,0,0,0,20230520,20231209
202,0,0,0,0,0,0,0,20230403,20231212
203,0,0,0,0,0,0,0,20230403,20231212
204,0,0,0,0,0,0,0,20230518,20231210
205,0,0,0,0,0,0,0,20230403,20231212
206,0,0,0,0,0,0,0,20230403,20231212
207,0,0,0,0,0,0,0,20230410,20231210
208,0,0,0,0,0,0,0,20230403,20231212
209,0,0,0,0,0,0,0,20230403,20231209
210,0,0,0,0,0,0,0,20230410,20230521
211,0,0,0,0,0,0,0,20230410,20230528
212,0,0,0,0,0,0,0,20230405,20230529
213,0,0,0,0,0,0,0,20230405,20230529
214,0,0,0,0,0,0,0,20230405,20230529
215,0,0,0,0,0,0,0,20230415,20230528
216,0,0,0,0,0,0,0,20230416,20230420
217,0,0,0,0,0,0,0,20230407,20230511
218,0,0,0,0,0,0,0,20230421,20230521
219,0,0,0,0,0,0,0,20230407,20230415
220,0,0,0,0,0,0,0,20230421,20230526
221,0,0,0,0,0,0,0,20230501,20230511
222,0,0,0,0,0,0,0,20230424,20230526
223,0,0,0,0,0,0,0,20230424,20230525
224,0,0,0,0,0,0,0,20231211,20231212
225,0,0,0,0,0,0,0,20231210,20231210
226,0,0,0,0,0,0,0,20230416,20231210
227,0,0,0,0,0,0,0,20230501,20231210
228,0,0,0,0,0,0,0,20230411,20231208
229,0,0,0,0,0,0,0,20230415,20231209
230,0,0,0,0,0,0,0,20230411,20231209
231,0,0,0,0,0,0,0,20230411,20231208
232,0,0,0,0,0,0,0,20230416,20231209
233,0,0,0,0,0,0,0,20230416,20231209
234,0,0,0,0,0,0,0,20230417,20231208
235,0,0,0,0,0,0,0,20230416,20231209
236,0,0,0,0,0,0,0,20230411,20231208
237,0,0,0,0,0,0,0,20230417,20230421
238,0,0,0,0,0,0,0,20230502,20230502
239,0,0,0,0,0,0,0,20230428,20230428
240,0,0,0,0,0,0,0,20230423,20230429
241,0,0,0,0,0,0,0,20230403,20230404
242,0,0,0,0,0,0,0,20230422,20231209
243,0,0,0,0,0,0,0,20230415,20231209
244,0,0,0,0,0,0,0,20230403,20231209
245,0,0,0,0,0,0,0,20230501,20230623
246,0,0,0,0,0,0,0,20230411,20231208
247,0,0,0,0,0,0,0,20230410,20231209
248,0,0,0,0,0,0,0,20230410,20231203
249,0,0,0,0,0,0,0,20230403,20231208
250,0,0,0,0,0,0,0,20230411,20231208
251,0,0,0,0,0,0,0,20230403,20231209
252,0,0,0,0,0,0,0,20230403,20231209
253,0,0,0,0,0,0,0,20230410,20231209
254,0,0,0,0,0,0,0,20230411,20230504
255,0,0,0,0,0,0,0,20230423,20230429
256,0,0,0,0,0,0,0,20230406,20230505
257,0,0,0,0,0,0,0,20230403,20231208
258,0,0,0,0,0,0,0,20230403,20231209
259,0,0,0,0,0,0,0,20230403,20231209
260,0,0,0,0,0,0,0,20230406,20231209
261,0,0,0,0,0,0,0,20230407,20231203
262,0,0,0,0,0,0,0,20230406,20231208
263,0,0,0,0,0,0,0,20230407,20231209
264,0,0,0,0,0,0,0,20230406,20231209
265,0,0,0,0,0,0,0,20230403,20230508
266,0,0,0,0,0,0,0,20230403,20230512
267,0,0,0,0,0,0,0,20230403,20230512
268,0,0,0,0,0,0,0,20230427,20230427
269,0,0,0,0,0,0,0,20230408,20230512
270,0,0,0,0,0,0,0,20230403,20230512
271,0,0,0,0,0,0,0,20230408,20230512
272,0,0,0,0,0,0,0,20230409,20230514
273,0,0,0,0,0,0,0,20230509,20230512
274,0,0,0,0,0,0,0,20230407,20231209
275,0,0,0,0,0,0,0,20230407,20231203
276,0,0,0,0,0,0,0,20230403,20231209
277,0,0,0,0,0,0,0,20230403,20231209
278,0,0,0,0,0,0,0,20230403,20231209
279,0,0,0,0,0,0,0,20230403,20231209
280,0,0,0,0,0,0,0,20230403,20231209
281,0,0,0,0,0,0,0,20230406,20231209
282,0,0,0,0,0,0,0,20230406,20231208
283,0,0,0,0,0,0,0,20230403,20230511
284,0,0,0,0,0,0,0,20230403,20231209
285,0,0,0,0,0,0,0,20230407,20231203
286,0,0,0,0,0,0,0,20230407,20231203
287,0,0,0,0,0,0,0,20230414,20231209
288,0,0,0,0,0,0,0,20230407,20231209
289,0,0,0,0,0,0,0,20230407,20231209
290,0,0,0,0,0,0,0,20230408,20231209
291,0,0,0,0,0,0,0,20230429,20230430
292,0,0,0,0,0,0,0,20230403,20231207
293,0,0,0,0,0,0,0,20230403,20231209
294,0,0,0,0,0,0,0,20230403,20231209
295,0,0,0,0,0,0,0,20230408,20231209
296,0,0,0,0,0,0,0,20230415,20230416
297,0,0,0,0,0,0,0,20230403,20231209
298,0,0,0,0,0,0,0,20230403,20231207
299,0,0,0,0,0,0,0,20230407,20231209
300,0,0,0,0,0,0,0,20230414,20231209
301,0,0,0,0,0,0,0,20230403,20231209
302,0,0,0,0,0,0,0,20230419,20230420
303,0,0,0,0,0,0,0,20230415,20230430
304,0,0,0,0,0,0,0,20230415,20230429
305,0,0,0,0,0,0,0,20230414,20231209
306,0,0,0,0,0,0,0,20230403,20231207
307,0,0,0,0,0,0,0,20230407,20231209
308,0,0,0,0,0,0,0,20230407,20231209
309,0,0,0,0,0,0,0,20230407,20231209
310,0,0,0,0,0,0,0,20230407,20231209
311,0,0,0,0,0,0,0,20230407,20231209
312,0,0,0,0,0,0,0,20230407,20231209
313,0,0,0,0,0,0,0,20230408,20231209
314,0,0,0,0,0,0,0,20230407,20231209
315,0,0,0,0,0,0,0,20230407,20231207
316,0,0,0,0,0,0,0,20230416,20230511
317,0,0,0,0,0,0,0,20230403,20231209
318,0,0,0,0,0,0,0,20230407,20231209
319,0,0,0,0,0,0,0,20230508,20231207
320,0,0,0,0,0,0,0,20230407,20231203
321,0,0,0,0,0,0,0,20230521,20231203
322,0,0,0,0,0,0,0,20230403,20231209
323,0,0,0,0,0,0,0,20230421,20231209
324,0,0,0,0,0,0,0,20230403,20231209
325,0,0,0,0,0,0,0,20230403,20231209
326,0,0,0,0,0,0,0,20230421,20231209
327,0,0,0,0,0,0,0,20230421,20231209
328,0,0,0,0,0,0,0,20230403,20231209
329,0,0,0,0,0,0,0,20230407,20230624
330,0,0,0,0,0,0,0,20230424,20230623
331,0,0,0,0,0,0,0,20230403,20230623
332,0,0,0,0,0,0,0,20230615,20230615
333,0,0,0,0,0,0,0,20230403,20230615
334,0,0,0,0,0,0,0,20230414,20230623
335,0,0,0,0,0,0,0,20230403,20230420
336,0,0,0,0,0,0,0,20230408,20230623
337,0,0,0,0,0,0,0,20230403,20230623
338,0,0,0,0,0,0,0,20230403,20230624
339,0,0,0,0,0,0,0,20230403,20231207
340,0,0,0,0,0,0,0,20230403,20231209
341,0,0,0,0,0,0,0,20230403,20231209
342,0,0,0,0,0,0,0,20230421,20231209
343,0,0,0,0,0,0,0,20230414,20231209
344,0,0,0,0,0,0,0,20230407,20231209
345,0,0,0,0,0,0,0,20230403,20231209
346,0,0,0,0,0,0,0,20230403,20231209
347,0,0,0,0,0,0,0,20230407,20231203
348,0,0,0,0,0,0,0,20230407,20231203
349,0,0,0,0,0,0,0,20230508,20231207
350,0,0,0,0,0,0,0,20230403,20230624
351,0,0,0,0,0,0,0,20230414,20230623
352,0,0,0,0,0,0,0,20230403,20230622
353,0,0,0,0,0,0,0,20230403,20230624
354,0,0,0,0,0,0,0,20230409,20230423
355,0,0,0,0,0,0,0,20230529,20231209
356,0,0,0,0,0,0,0,20230529,20231208
357,0,0,0,0,0,0,0,20230602,20231209
358,0,0,0,0,0,0,0,20230603,20231209
359,0,0,0,0,0,0,0,20230411,20230526
360,0,0,0,0,0,0,0,20230411,20230528
361,0,0,0,0,0,0,0,20230414,20230527
362,0,0,0,0,0,0,0,20230415,20230528
363,0,0,0,0,0,0,0,20230403,20231209
364,0,0,0,0,0,0,0,20230403,20231209
365,0,0,0,0,0,0,0,20230403,20231207
366,0,0,0,0,0,0,0,20230403,20231209
367,0,0,0,0,0,0,0,20230403,20231209
368,0,0,0,0,0,0,0,20230403,20231207
369,0,0,0,0,0,0,0,20230403,20231209
370,0,0,0,0,0,0,0,20230407,20231209
371,0,0,0,0,0,0,0,20230407,20231209
372,0,0,0,0,0,0,0,20230407,20231209
373,0,0,0,0,0,0,0,20230403,20231207
374,0,0,0,0,0,0,0,20230403,20231209
375,0,0,0,0,0,0,0,20230403,20231209
376,0,0,0,0,0,0,0,20230403,20231209
377,0,0,0,0,0,0,0,20230408,20231209
378,0,0,0,0,0,0,0,20230411,20230411
379,0,0,0,0,0,0,0,20230403,20231209
380,0,0,0,0,0,0,0,20230406,20231209
381,0,0,0,0,0,0,0,20230407,20231209
382,0,0,0,0,0,0,0,20230403,20231209
383,0,0,0,0,0,0,0,20230403,20231208
384,0,0,0,0,0,0,0,20230403,20231208
385,0,0,0,0,0,0,0,20230417,20230529
386,0,0,0,0,0,0,0,20230403,20231209
387,0,0,0,0,0,0,0,20230403,20231208
388,0,0,0,0,0,0,0,20230403,20231209
389,0,0,0,0,0,0,0,20230403,20231209
390,0,0,0,0,0,0,0,20230925,20231001
391,0,0,0,0,0,0,0,20230406,20230410
392,0,0,0,0,0,0,0,20230403,20230630
393,0,0,0,0,0,0,0,20230404,20230630
394,0,0,0,0,0,0,0,20230403,20230626
395,0,0,0,0,0,0,0,20230403,20230630
396,0,0,0,0,0,0,0,20230403,20230630
397,0,0,0,0,0,0,0,20230508,20230509
398,0,0,0,0,0,0,0,20230403,20230630
399,0,0,0,0,0,0,0,20230403,20230630
400,0,0,0,0,0,0,0,20230403,20230630
401,0,0,0,0,0,0,0,20230403,20230630
402,0,0,0,0,0,0,0,20230408,20230623
403,0,0,0,0,0,0,0,20230407,20230625
404,0,0,0,0,0,0,0,20230403,20230630
405,0,0,0,0,0,0,0,20230403,20230630
406,0,0,0,0,0,0,0,20230509,20230509
407,0,0,0,0,0,0,0,20230403,20230624
408,0,0,0,0,0,0,0,20230403,20230615
409,0,0,0,0,0,0,0,20230403,20230623
410,0,0,0,0,0,0,0,20230403,20230409
411,0,0,0,0,0,0,0,20230410,20230529
412,0,0,0,0,0,0,0,20230411,20230529
413,0,0,0,0,0,0,0,20230411,20230529
414,0,0,0,0,0,0,0,20230423,20230506
415,0,0,0,0,0,0,0,20230404,20231207
416,0,0,0,0,0,0,0,20230403,20231208
417,0,0,0,0,0,0,0,20230414,20231208
418,0,0,0,0,0,0,0,20230407,20231104
419,0,0,0,0,0,0,0,20230403,20231207
420,0,0,0,0,0,0,0,20230404,20231208
421,0,0,0,0,0,0,0,20230405,20231209
422,0,0,0,0,0,0,0,20230404,20231208
423,0,0,0,0,0,0,0,20230403,20231208
424,0,0,0,0,0,0,0,20230405,20231206
425,0,0,0,0,0,0,0,20230417,20230511
426,0,0,0,0,0,0,0,20230408,20230410
427,0,0,0,0,0,0,0,20230424,20230526
428,0,0,0,0,0,0,0,20230424,20230525
429,0,0,0,0,0,0,0,20230406,20230409
430,0,0,0,0,0,0,0,20230406,20231207
431,0,0,0,0,0,0,0,20230403,20231206
432,0,0,0,0,0,0,0,20230403,20231208
433,0,0,0,0,0,0,0,20230403,20231208
434,0,0,0,0,0,0,0,20230405,20231207
435,0,0,0,0,0,0,0,20230404,20231209
436,0,0,0,0,0,0,0,20230405,20231208
437,0,0,0,0,0,0,0,20230404,20231209
438,0,0,0,0,0,0,0,20230404,20231205
439,0,0,0,0,0,0,0,20230403,20231204
440,0,0,0,0,0,0,0,20230403,20231209
441,0,0,0,0,0,0,0,20230408,20231209
442,0,0,0,0,0,0,0,20230403,20231208
443,0,0,0,0,0,0,0,20230404,20231208
444,0,0,0,0,0,0,0,20230403,20231205
445,0,0,0,0,0,0,0,20230405,20231208
446,0,0,0,0,0,0,0,20230403,20231206
447,0,0,0,0,0,0,0,20230406,20231208
